{
 "cells": [
  {
   "metadata": {
    "ExecuteTime": {
     "end_time": "2024-09-07T19:37:39.719032Z",
     "start_time": "2024-09-07T19:37:35.717106Z"
    }
   },
   "cell_type": "code",
   "source": [
    "import sys\n",
    "import plotly.express as px\n",
    "import pandas as pd\n",
    "from pandarallel import pandarallel\n",
    "from sklearn.pipeline import Pipeline\n",
    "from sklearn.compose import ColumnTransformer\n",
    "from src.tools import JsonHandler, concatenate_listings_datasets, return_cleaned_col_names, preprocess_text\n",
    "from src.class_transformers import (\n",
    "    GeographicTransformer,\n",
    "    BathroomsTransformer,\n",
    "    CreateVerificationsTransformer,\n",
    "    AmenitiesTransformer,\n",
    "    OfflineLocationFinder,\n",
    "    PropertyTypeTransformer,\n",
    "    HostLocationImputer,\n",
    "    ScrapingDateTransformer\n",
    ")\n",
    "from src.function_transformers import (\n",
    "    fun_tr_id_to_string,\n",
    "    fun_tr_from_string_to_rate,\n",
    "    fun_tr_transform_to_datetime,\n",
    "    fun_tr_remove_dollar_sign,\n",
    ")\n",
    "from sklearn.utils import estimator_html_repr\n",
    "from sklearn import set_config\n",
    "from sklearn.feature_extraction.text import TfidfVectorizer\n",
    "from textblob import TextBlob\n",
    "\n",
    "set_config(transform_output=\"pandas\")\n",
    "\n",
    "pandarallel.initialize()\n",
    "pd.options.display.float_format = \"{:.0f}\".format\n",
    "handler = JsonHandler()\n",
    "import pandas as pd\n",
    "import numpy as np\n",
    "from feature_engine.datetime import DatetimeSubtraction\n",
    "from feature_engine.creation import RelativeFeatures\n",
    "from feature_engine.encoding import OneHotEncoder, CountFrequencyEncoder, OrdinalEncoder\n",
    "from feature_engine.wrappers import SklearnTransformerWrapper\n",
    "from feature_engine.imputation import MeanMedianImputer, CategoricalImputer\n",
    "from sklearn.model_selection import train_test_split\n",
    "from sklearn.preprocessing import MinMaxScaler, StandardScaler, PolynomialFeatures, PowerTransformer, RobustScaler\n",
    "from sklearn.impute import KNNImputer\n",
    "from sklearn.ensemble import RandomForestRegressor\n",
    "from sklearn.metrics import explained_variance_score, mean_absolute_error, mean_squared_error, r2_score, make_scorer\n",
    "from sklearn.pipeline import Pipeline\n",
    "from sklearn.svm import SVR\n",
    "from sklearn.tree import DecisionTreeRegressor\n",
    "from sklearn.neighbors import KNeighborsRegressor\n",
    "from sklearn.linear_model import QuantileRegressor\n",
    "from sklearn.compose import TransformedTargetRegressor\n",
    "from sklearn.model_selection import GridSearchCV\n",
    "import sys\n",
    "from sklearn.neural_network import MLPRegressor\n",
    "\n"
   ],
   "id": "dd2a0cf1036ae07a",
   "outputs": [
    {
     "name": "stdout",
     "output_type": "stream",
     "text": [
      "INFO: Pandarallel will run on 4 workers.\n",
      "INFO: Pandarallel will use Memory file system to transfer data between the main process and workers.\n",
      "INFO: Pandarallel will run on 4 workers.\n",
      "INFO: Pandarallel will use Memory file system to transfer data between the main process and workers.\n"
     ]
    }
   ],
   "execution_count": 1
  },
  {
   "metadata": {},
   "cell_type": "code",
   "source": [
    "#df_listings = concatenate_listings_datasets()\n",
    "#host_locations = handler.import_from_json(\"data/mappings/host_locations.json\")\n",
    "#remap_baths = handler.import_from_json(\"data/mappings/baths.json\")"
   ],
   "id": "da442d7f518a040",
   "outputs": [],
   "execution_count": null
  },
  {
   "metadata": {},
   "cell_type": "code",
   "source": [
    "#df_listings.drop(\n",
    "#    [\n",
    "#        \"description\",\n",
    "#        \"neighborhood_overview\",\n",
    "#        \"host_about\",\n",
    "#        \"host_neighbourhood\",\n",
    "#        \"neighbourhood\",\n",
    "#        \"neighbourhood_group_cleansed\",\n",
    "#        \"calendar_updated\",\n",
    "#        \"license\",\n",
    "#        \"listing_url\",\n",
    "#        \"scrape_id\",\n",
    "#        \"last_scraped\",\n",
    "#        \"source\",\n",
    "#        \"name\",\n",
    "#        \"picture_url\",\n",
    "#        \"host_url\",\n",
    "#        \"host_name\",\n",
    "#        \"host_thumbnail_url\",\n",
    "#        \"host_picture_url\",\n",
    "#        \"minimum_minimum_nights\",\n",
    "#        \"maximum_minimum_nights\",\n",
    "#        \"minimum_maximum_nights\",\n",
    "#        \"maximum_maximum_nights\",\n",
    "#        \"minimum_nights_avg_ntm\",\n",
    "#        \"maximum_nights_avg_ntm\",\n",
    "#        \"has_availability\",\n",
    "#        \"availability_30\",\n",
    "#        \"availability_60\",\n",
    "#        \"availability_90\",\n",
    "#        \"availability_365\",\n",
    "#        \"calendar_last_scraped\",\n",
    "#        \"number_of_reviews_ltm\",\n",
    "#        \"number_of_reviews_l30d\",\n",
    "#        \"instant_bookable\",\n",
    "#        \"calculated_host_listings_count\",\n",
    "#        \"calculated_host_listings_count_entire_homes\",\n",
    "#        \"calculated_host_listings_count_private_rooms\",\n",
    "#        \"calculated_host_listings_count_shared_rooms\",\n",
    "#    ],\n",
    "#    axis=1,\n",
    "#    inplace=True\n",
    "#)"
   ],
   "id": "e5416fa65183a14e",
   "outputs": [],
   "execution_count": null
  },
  {
   "metadata": {},
   "cell_type": "code",
   "source": [
    "#df_listings.set_index(\"id\", inplace=True)\n",
    "#\n",
    "#df_nas_columns = pd.DataFrame(\n",
    "#    {\n",
    "#        \"NAs\": df_listings.isnull().sum(axis=1),\n",
    "#        \"Columns_with_NAs\": df_listings.apply(\n",
    "#            lambda x: \", \".join(x.index[x.isnull()]), axis=1\n",
    "#        ),\n",
    "#    }\n",
    "#)\n",
    "#\n",
    "#more_than_7_missing = df_nas_columns.loc[df_nas_columns[\"NAs\"] > 7, :].index.tolist()\n",
    "#df_listings.drop(more_than_7_missing, inplace=True)"
   ],
   "id": "d315eadfbe5acce7",
   "outputs": [],
   "execution_count": null
  },
  {
   "metadata": {},
   "cell_type": "code",
   "source": "#df_listings.head()",
   "id": "614f3d7b8693b561",
   "outputs": [],
   "execution_count": null
  },
  {
   "metadata": {},
   "cell_type": "code",
   "source": [
    "#id_feature = [\"host_id\"]\n",
    "#rate_feature = [\"host_response_rate\", \"host_acceptance_rate\"]\n",
    "#time_feature = [\"host_since\", \"first_review\", \"last_review\"]\n",
    "#neighbourhood_feature = [\"neighbourhood_cleansed\"]\n",
    "#price_feature = [\"price\"]\n",
    "#\n",
    "## Amenities\n",
    "#internet_pattern: str = r\"\\b(wifi|internet|ethernet|fibra|connection)\\b\"\n",
    "#self_checkin_pattern: str = r\"\\b(self checkin|self check-in|self-checkin)\\b\"\n",
    "#host_greeting_pattern: str = r\"\\b(host greeting|host greets you)\\b\"\n",
    "#pool_pattern: str = r\"\\b(pool|pool view|shared pool)\\b\"\n",
    "#oven_pattern: str = r\"\\b(oven)\\b\"\n",
    "#microwave_pattern: str = r\"\\b(microwave|microonde)\\b\"\n",
    "#garden_pattern: str = r\"\\b(garden|park|backyard)\\b\"\n",
    "#streaming_pattern: str = r\"\\b(netflix|amazon|disney+|chromecast|apple tv|hbo|hbo max)\\b\"\n",
    "#gym_pattern: str = r\"\\b(exercise|gym|fitness|private gym in building|shared gym|gym nearby|workout bench)\\b\"\n",
    "#elevator_pattern: str = r\"\\b(elevator)\\b\"\n",
    "#heating_pattern: str = r\"\\b(heating)\\b\"\n",
    "#ac_pattern: str = r\"\\b(central air conditioning|ac|air conditioning)\\b\"\n",
    "#safe_pattern: str = r\"\\b(safe|locker|lock|security|guard)\\b\"\n",
    "#workspace_pattern: str = r\"\\b(workspace|work)\\b\"\n",
    "#freezer_pattern: str = r\"\\b(freezer|refrigerator)\\b\"\n",
    "#aid_pattern: str = r\"\\b(first aid kit|aid)\\b\"\n",
    "#dishwasher_pattern: str = r\"\\b(dishwasher)\\b\"\n",
    "#long_term_stays_pattern: str = r\"\\b(long term stays)\\b\"\n",
    "#pets_pattern: str = r\"\\b(pets allowed)\\b\"\n",
    "#bathtube_pattern: str = r\"\\b(bathtube)\\b\"\n",
    "#bbq_grill_pattern: str = r\"\\b(bbq grill|grill|barbeque|barbeque utensils)\\b\"\n",
    "#lake_bay_pattern: str = r\"\\b(lake view|bay view|harbor view|beach view)\\b\"\n",
    "#\n",
    "#set_amenities_remapper = [\n",
    "#    (internet_pattern, \"internet\"),\n",
    "#    (self_checkin_pattern, \"self-checkin\"),\n",
    "#    (host_greeting_pattern, \"host-greeting\"),\n",
    "#    (pool_pattern, \"pool\"),\n",
    "#    (oven_pattern, \"oven\"),\n",
    "#    (microwave_pattern, \"microwave\"),\n",
    "#    (garden_pattern, \"garden\"),\n",
    "#    (streaming_pattern, \"streaming\"),\n",
    "#    (gym_pattern, \"gym\"),\n",
    "#    (elevator_pattern, \"elevator\"),\n",
    "#    (heating_pattern, \"heating\"),\n",
    "#    (ac_pattern, \"air-conditioning\"),\n",
    "#    (workspace_pattern, \"workspace\"),\n",
    "#    (freezer_pattern, \"freezer\"),\n",
    "#    (aid_pattern, \"first-aid-kit\"),\n",
    "#    (dishwasher_pattern, \"dishwasher\"),\n",
    "#    (long_term_stays_pattern, \"long-term-stays\"),\n",
    "#    (pets_pattern, \"pets-allowed\"),\n",
    "#    (bathtube_pattern, \"bathtube\"),\n",
    "#    (bbq_grill_pattern, \"bbq-grill\"),\n",
    "#    (lake_bay_pattern, \"lake-bay-view\")\n",
    "#]\n",
    "#\n",
    "## Property type\n",
    "#entire_property_pattern = r\"\\b(entire|tiny home)\\b\"\n",
    "#private_room_pattern = r\"\\b(private room|room in serviced apartment|room in bed and breakfast|room in hotel|room in resort)\\b\"\n",
    "#shared_room_pattern = r\"\\b(shared room|shared)\\b\"\n",
    "#other_room_pattern = r\"\\b(entire|tiny home|private room|room in serviced apartment|room in bed and breakfast|room in hotel|room in resort|shared room|shared)\\b\"\n",
    "#\n",
    "#set_property_type_remapper = [\n",
    "#    (entire_property_pattern, \"entire_property\"),\n",
    "#    (private_room_pattern, \"private_room\"),\n",
    "#    (shared_room_pattern, \"shared_room\"),\n",
    "#    (other_room_pattern, \"other\"),\n",
    "#]\n",
    "#\n",
    "#id_pipeline = Pipeline(steps=[(\"From ID to string\", fun_tr_id_to_string)], verbose=True)\n",
    "#\n",
    "#rates_pipeline = Pipeline(\n",
    "#    steps=[(\"Transform response rate\", fun_tr_from_string_to_rate)], verbose=True\n",
    "#)\n",
    "#\n",
    "#timestamp_pipeline = Pipeline(\n",
    "#    steps=[(\"Transform to timestamp\", fun_tr_transform_to_datetime)], verbose=True\n",
    "#)\n",
    "#\n",
    "#price_pipeline = Pipeline(\n",
    "#    steps=[(\"Trim price feature\", fun_tr_remove_dollar_sign)], verbose=True\n",
    "#)\n",
    "#\n",
    "## Apply to all dataset (feature engineering using other features)\n",
    "#feature_creation_pipeline = Pipeline(\n",
    "#    steps=[\n",
    "#        (\"Listing Locations\", OfflineLocationFinder()),\n",
    "#        (\"Host Locations imputer\", HostLocationImputer()),\n",
    "#        (\n",
    "#            \"Host location\",\n",
    "#            GeographicTransformer(column=\"host_location\", locations=host_locations),\n",
    "#        ),\n",
    "#        (\"Host verifications\", CreateVerificationsTransformer()),\n",
    "#        (\"Bathrooms\", BathroomsTransformer(remap_baths)),\n",
    "#        (\n",
    "#            \"Amenities\",\n",
    "#            AmenitiesTransformer(df=df_listings, remapper=set_amenities_remapper),\n",
    "#        ),\n",
    "#        (\n",
    "#            \"Property type\",\n",
    "#            PropertyTypeTransformer(\n",
    "#                df=df_listings, remapper=set_property_type_remapper\n",
    "#            ),\n",
    "#        ),\n",
    "#    ],\n",
    "#    verbose=True,\n",
    "#)\n",
    "#print(\"Executing Feature Creation Pipeline...\")\n",
    "#df_listings = feature_creation_pipeline.fit_transform(df_listings)\n",
    "#print(\"Feature Creation Pipeline completed!\")\n"
   ],
   "id": "bc9c01fc48991c3e",
   "outputs": [],
   "execution_count": null
  },
  {
   "metadata": {},
   "cell_type": "code",
   "source": [
    "#print(\"Executing preprocessing on features...\")\n",
    "#feature_preprocessor = ColumnTransformer(\n",
    "#    remainder=\"passthrough\",\n",
    "#    n_jobs=-1,\n",
    "#    force_int_remainder_cols=False,\n",
    "#    transformers=[\n",
    "#        (\"Id\", id_pipeline, id_feature),\n",
    "#        (\"Rates\", rates_pipeline, rate_feature),\n",
    "#        (\"Price\", price_pipeline, price_feature),\n",
    "#        (\"Timestamp\", timestamp_pipeline, time_feature),\n",
    "#    ],\n",
    "#    verbose=True,\n",
    "#)\n",
    "#\n",
    "#cleaned_df = feature_preprocessor.fit_transform(df_listings)\n",
    "#print(\"Preprocessing on features completed!\")\n",
    "#cleaned_df.columns = return_cleaned_col_names(cleaned_df.columns)\n",
    "#print(\"Cleaned feature names retrieved\")\n",
    "#\n",
    "#del df_listings"
   ],
   "id": "f9835cf0df4f185f",
   "outputs": [],
   "execution_count": null
  },
  {
   "metadata": {},
   "cell_type": "code",
   "source": "#cleaned_df.head()",
   "id": "af4359e77237ee3d",
   "outputs": [],
   "execution_count": null
  },
  {
   "metadata": {},
   "cell_type": "code",
   "source": "#pd.to_pickle(cleaned_df, \"data/city_data/step_by_step.pkl\")",
   "id": "a67151a79d67ddc5",
   "outputs": [],
   "execution_count": null
  },
  {
   "metadata": {
    "ExecuteTime": {
     "end_time": "2024-09-07T20:07:31.797309Z",
     "start_time": "2024-09-07T20:07:31.008994Z"
    }
   },
   "cell_type": "code",
   "source": "df = pd.read_pickle(\"data/city_data/step_by_step.pkl\")",
   "id": "ed3885a51e8eeca9",
   "outputs": [],
   "execution_count": 41
  },
  {
   "metadata": {
    "ExecuteTime": {
     "end_time": "2024-09-07T20:07:32.033235Z",
     "start_time": "2024-09-07T20:07:31.998542Z"
    }
   },
   "cell_type": "code",
   "source": "df.head()",
   "id": "9083200d8412568",
   "outputs": [
    {
     "data": {
      "text/plain": [
       "        host_id  host_response_rate  host_acceptance_rate  price host_since  \\\n",
       "id                                                                            \n",
       "31840    380378                 100                   100    122 2011-02-07   \n",
       "32120     99235                 100                    50     95 2010-03-26   \n",
       "32180  13925330                 100                    67    109 2014-04-05   \n",
       "39115    167739                 100                    62    104 2010-07-15   \n",
       "39165    167739                 100                    62    121 2010-07-15   \n",
       "\n",
       "      first_review last_review  host_location  host_response_time  \\\n",
       "id                                                                  \n",
       "31840   2010-06-23  2024-06-08              1      within an hour   \n",
       "32120   2010-09-26  2023-10-09              2      within an hour   \n",
       "32180   2010-06-17  2023-12-06              1        within a day   \n",
       "39115   2010-09-07  2024-05-15              1  within a few hours   \n",
       "39165   2010-12-17  2024-04-08              1  within a few hours   \n",
       "\n",
       "      host_is_superhost  ...  amenities_air-conditioning  amenities_workspace  \\\n",
       "id                       ...                                                    \n",
       "31840                 f  ...                           t                    f   \n",
       "32120                 f  ...                           t                    f   \n",
       "32180                 t  ...                           f                    f   \n",
       "39115                 f  ...                           t                    t   \n",
       "39165                 f  ...                           t                    t   \n",
       "\n",
       "      amenities_freezer amenities_first-aid-kit amenities_dishwasher  \\\n",
       "id                                                                     \n",
       "31840                 t                       f                    f   \n",
       "32120                 f                       f                    f   \n",
       "32180                 t                       f                    t   \n",
       "39115                 f                       f                    f   \n",
       "39165                 t                       f                    f   \n",
       "\n",
       "       amenities_long-term-stays  amenities_pets-allowed amenities_bathtube  \\\n",
       "id                                                                            \n",
       "31840                          f                       f                  f   \n",
       "32120                          f                       f                  f   \n",
       "32180                          t                       f                  f   \n",
       "39115                          f                       f                  f   \n",
       "39165                          f                       f                  f   \n",
       "\n",
       "      amenities_bbq-grill  amenities_lake-bay-view  \n",
       "id                                                  \n",
       "31840                   f                        f  \n",
       "32120                   f                        f  \n",
       "32180                   f                        f  \n",
       "39115                   f                        f  \n",
       "39165                   f                        f  \n",
       "\n",
       "[5 rows x 63 columns]"
      ],
      "text/html": [
       "<div>\n",
       "<style scoped>\n",
       "    .dataframe tbody tr th:only-of-type {\n",
       "        vertical-align: middle;\n",
       "    }\n",
       "\n",
       "    .dataframe tbody tr th {\n",
       "        vertical-align: top;\n",
       "    }\n",
       "\n",
       "    .dataframe thead th {\n",
       "        text-align: right;\n",
       "    }\n",
       "</style>\n",
       "<table border=\"1\" class=\"dataframe\">\n",
       "  <thead>\n",
       "    <tr style=\"text-align: right;\">\n",
       "      <th></th>\n",
       "      <th>host_id</th>\n",
       "      <th>host_response_rate</th>\n",
       "      <th>host_acceptance_rate</th>\n",
       "      <th>price</th>\n",
       "      <th>host_since</th>\n",
       "      <th>first_review</th>\n",
       "      <th>last_review</th>\n",
       "      <th>host_location</th>\n",
       "      <th>host_response_time</th>\n",
       "      <th>host_is_superhost</th>\n",
       "      <th>...</th>\n",
       "      <th>amenities_air-conditioning</th>\n",
       "      <th>amenities_workspace</th>\n",
       "      <th>amenities_freezer</th>\n",
       "      <th>amenities_first-aid-kit</th>\n",
       "      <th>amenities_dishwasher</th>\n",
       "      <th>amenities_long-term-stays</th>\n",
       "      <th>amenities_pets-allowed</th>\n",
       "      <th>amenities_bathtube</th>\n",
       "      <th>amenities_bbq-grill</th>\n",
       "      <th>amenities_lake-bay-view</th>\n",
       "    </tr>\n",
       "    <tr>\n",
       "      <th>id</th>\n",
       "      <th></th>\n",
       "      <th></th>\n",
       "      <th></th>\n",
       "      <th></th>\n",
       "      <th></th>\n",
       "      <th></th>\n",
       "      <th></th>\n",
       "      <th></th>\n",
       "      <th></th>\n",
       "      <th></th>\n",
       "      <th></th>\n",
       "      <th></th>\n",
       "      <th></th>\n",
       "      <th></th>\n",
       "      <th></th>\n",
       "      <th></th>\n",
       "      <th></th>\n",
       "      <th></th>\n",
       "      <th></th>\n",
       "      <th></th>\n",
       "      <th></th>\n",
       "    </tr>\n",
       "  </thead>\n",
       "  <tbody>\n",
       "    <tr>\n",
       "      <th>31840</th>\n",
       "      <td>380378</td>\n",
       "      <td>100</td>\n",
       "      <td>100</td>\n",
       "      <td>122</td>\n",
       "      <td>2011-02-07</td>\n",
       "      <td>2010-06-23</td>\n",
       "      <td>2024-06-08</td>\n",
       "      <td>1</td>\n",
       "      <td>within an hour</td>\n",
       "      <td>f</td>\n",
       "      <td>...</td>\n",
       "      <td>t</td>\n",
       "      <td>f</td>\n",
       "      <td>t</td>\n",
       "      <td>f</td>\n",
       "      <td>f</td>\n",
       "      <td>f</td>\n",
       "      <td>f</td>\n",
       "      <td>f</td>\n",
       "      <td>f</td>\n",
       "      <td>f</td>\n",
       "    </tr>\n",
       "    <tr>\n",
       "      <th>32120</th>\n",
       "      <td>99235</td>\n",
       "      <td>100</td>\n",
       "      <td>50</td>\n",
       "      <td>95</td>\n",
       "      <td>2010-03-26</td>\n",
       "      <td>2010-09-26</td>\n",
       "      <td>2023-10-09</td>\n",
       "      <td>2</td>\n",
       "      <td>within an hour</td>\n",
       "      <td>f</td>\n",
       "      <td>...</td>\n",
       "      <td>t</td>\n",
       "      <td>f</td>\n",
       "      <td>f</td>\n",
       "      <td>f</td>\n",
       "      <td>f</td>\n",
       "      <td>f</td>\n",
       "      <td>f</td>\n",
       "      <td>f</td>\n",
       "      <td>f</td>\n",
       "      <td>f</td>\n",
       "    </tr>\n",
       "    <tr>\n",
       "      <th>32180</th>\n",
       "      <td>13925330</td>\n",
       "      <td>100</td>\n",
       "      <td>67</td>\n",
       "      <td>109</td>\n",
       "      <td>2014-04-05</td>\n",
       "      <td>2010-06-17</td>\n",
       "      <td>2023-12-06</td>\n",
       "      <td>1</td>\n",
       "      <td>within a day</td>\n",
       "      <td>t</td>\n",
       "      <td>...</td>\n",
       "      <td>f</td>\n",
       "      <td>f</td>\n",
       "      <td>t</td>\n",
       "      <td>f</td>\n",
       "      <td>t</td>\n",
       "      <td>t</td>\n",
       "      <td>f</td>\n",
       "      <td>f</td>\n",
       "      <td>f</td>\n",
       "      <td>f</td>\n",
       "    </tr>\n",
       "    <tr>\n",
       "      <th>39115</th>\n",
       "      <td>167739</td>\n",
       "      <td>100</td>\n",
       "      <td>62</td>\n",
       "      <td>104</td>\n",
       "      <td>2010-07-15</td>\n",
       "      <td>2010-09-07</td>\n",
       "      <td>2024-05-15</td>\n",
       "      <td>1</td>\n",
       "      <td>within a few hours</td>\n",
       "      <td>f</td>\n",
       "      <td>...</td>\n",
       "      <td>t</td>\n",
       "      <td>t</td>\n",
       "      <td>f</td>\n",
       "      <td>f</td>\n",
       "      <td>f</td>\n",
       "      <td>f</td>\n",
       "      <td>f</td>\n",
       "      <td>f</td>\n",
       "      <td>f</td>\n",
       "      <td>f</td>\n",
       "    </tr>\n",
       "    <tr>\n",
       "      <th>39165</th>\n",
       "      <td>167739</td>\n",
       "      <td>100</td>\n",
       "      <td>62</td>\n",
       "      <td>121</td>\n",
       "      <td>2010-07-15</td>\n",
       "      <td>2010-12-17</td>\n",
       "      <td>2024-04-08</td>\n",
       "      <td>1</td>\n",
       "      <td>within a few hours</td>\n",
       "      <td>f</td>\n",
       "      <td>...</td>\n",
       "      <td>t</td>\n",
       "      <td>t</td>\n",
       "      <td>t</td>\n",
       "      <td>f</td>\n",
       "      <td>f</td>\n",
       "      <td>f</td>\n",
       "      <td>f</td>\n",
       "      <td>f</td>\n",
       "      <td>f</td>\n",
       "      <td>f</td>\n",
       "    </tr>\n",
       "  </tbody>\n",
       "</table>\n",
       "<p>5 rows × 63 columns</p>\n",
       "</div>"
      ]
     },
     "execution_count": 42,
     "metadata": {},
     "output_type": "execute_result"
    }
   ],
   "execution_count": 42
  },
  {
   "metadata": {},
   "cell_type": "markdown",
   "source": [
    "## Tryouts\n",
    "\n",
    "### Predict only with numerical"
   ],
   "id": "f789343d904c4e5e"
  },
  {
   "metadata": {
    "ExecuteTime": {
     "end_time": "2024-09-07T20:07:33.501515Z",
     "start_time": "2024-09-07T20:07:33.493751Z"
    }
   },
   "cell_type": "code",
   "source": [
    "numerical_features = [\n",
    "    'host_response_rate',\n",
    "    'host_acceptance_rate',\n",
    "    'price',\n",
    "    'host_location',\n",
    "    'host_listings_count',\n",
    "    'host_total_listings_count',\n",
    "    'latitude',\n",
    "    'longitude',\n",
    "    'accommodates',\n",
    "    'bathrooms',\n",
    "    'bedrooms',\n",
    "    'beds',\n",
    "    'minimum_nights',\n",
    "    'maximum_nights',\n",
    "    'number_of_reviews',\n",
    "    'review_scores_rating',\n",
    "    'review_scores_accuracy',\n",
    "    'review_scores_cleanliness',\n",
    "    'review_scores_checkin',\n",
    "    'review_scores_communication',\n",
    "    'review_scores_location',\n",
    "    'review_scores_value',\n",
    "    'reviews_per_month',\n",
    "    'listing_city_pop',\n",
    "]"
   ],
   "id": "6f01cbe1daa4ec27",
   "outputs": [],
   "execution_count": 43
  },
  {
   "metadata": {
    "ExecuteTime": {
     "end_time": "2024-09-07T20:07:35.259396Z",
     "start_time": "2024-09-07T20:07:35.249074Z"
    }
   },
   "cell_type": "code",
   "source": [
    "binary_features = [\n",
    "    'host_has_profile_pic',\n",
    "    'host_identity_verified',\n",
    "    \"host_is_superhost\",\n",
    "    'email_verification',\n",
    "    'phone_verification',\n",
    "    'work_email_verification',\n",
    "    'amenities_internet',\n",
    "    'amenities_self-checkin',\n",
    "    'amenities_host-greeting',\n",
    "    'amenities_pool',\n",
    "    'amenities_oven',\n",
    "    'amenities_microwave',\n",
    "    'amenities_garden',\n",
    "    'amenities_streaming',\n",
    "    'amenities_gym',\n",
    "    'amenities_elevator',\n",
    "    'amenities_heating',\n",
    "    'amenities_air-conditioning',\n",
    "    'amenities_workspace',\n",
    "    'amenities_freezer',\n",
    "    'amenities_first-aid-kit',\n",
    "    'amenities_dishwasher',\n",
    "    'amenities_long-term-stays',\n",
    "    'amenities_pets-allowed',\n",
    "    'amenities_bathtube',\n",
    "    'amenities_bbq-grill',\n",
    "    'amenities_lake-bay-view'\n",
    "]"
   ],
   "id": "9130a3a3f888ee8d",
   "outputs": [],
   "execution_count": 44
  },
  {
   "metadata": {
    "ExecuteTime": {
     "end_time": "2024-09-07T20:07:35.924991Z",
     "start_time": "2024-09-07T20:07:35.917011Z"
    }
   },
   "cell_type": "code",
   "source": "other_features = list(set(df.columns.tolist()) - set(numerical_features) - set(binary_features))",
   "id": "5d6c70094753e21f",
   "outputs": [],
   "execution_count": 45
  },
  {
   "metadata": {},
   "cell_type": "markdown",
   "source": "## Correlation between features",
   "id": "fa216042b1c52404"
  },
  {
   "metadata": {
    "ExecuteTime": {
     "end_time": "2024-09-07T20:07:37.562065Z",
     "start_time": "2024-09-07T20:07:37.006321Z"
    }
   },
   "cell_type": "code",
   "source": [
    "df_corr = df.copy()\n",
    "corr_full = df_corr[numerical_features].corr()\n",
    "colors = ['green' if val < 0.7 else 'red' for val in corr_full.values.flatten()]\n",
    "mask = np.where(corr_full < 0.7, 0, 1)\n",
    "\n",
    "fig = px.imshow(corr_full,\n",
    "                text_auto=True,\n",
    "                aspect=\"auto\",\n",
    "                width=900,\n",
    "                height=900\n",
    "                )\n",
    "\n",
    "fig.show()"
   ],
   "id": "a01675ab973466bb",
   "outputs": [
    {
     "data": {
      "application/vnd.plotly.v1+json": {
       "data": [
        {
         "coloraxis": "coloraxis",
         "name": "0",
         "texttemplate": "%{z}",
         "x": [
          "host_response_rate",
          "host_acceptance_rate",
          "price",
          "host_location",
          "host_listings_count",
          "host_total_listings_count",
          "latitude",
          "longitude",
          "accommodates",
          "bathrooms",
          "bedrooms",
          "beds",
          "minimum_nights",
          "maximum_nights",
          "number_of_reviews",
          "review_scores_rating",
          "review_scores_accuracy",
          "review_scores_cleanliness",
          "review_scores_checkin",
          "review_scores_communication",
          "review_scores_location",
          "review_scores_value",
          "reviews_per_month",
          "listing_city_pop"
         ],
         "y": [
          "host_response_rate",
          "host_acceptance_rate",
          "price",
          "host_location",
          "host_listings_count",
          "host_total_listings_count",
          "latitude",
          "longitude",
          "accommodates",
          "bathrooms",
          "bedrooms",
          "beds",
          "minimum_nights",
          "maximum_nights",
          "number_of_reviews",
          "review_scores_rating",
          "review_scores_accuracy",
          "review_scores_cleanliness",
          "review_scores_checkin",
          "review_scores_communication",
          "review_scores_location",
          "review_scores_value",
          "reviews_per_month",
          "listing_city_pop"
         ],
         "z": [
          [
           1.0,
           0.4886369054802641,
           0.0015084621969513488,
           -0.022566766051814503,
           0.03246530665118959,
           0.027916187126511217,
           -0.008809387417326972,
           0.024336702559697467,
           0.05504384483440084,
           0.019534424290073977,
           0.015216987803528367,
           0.024703912929153492,
           -0.02460799465576236,
           -0.050720642631613785,
           0.09242795051413072,
           0.08430678539654198,
           0.08456277025906049,
           0.08619537470338344,
           0.0693462478853297,
           0.1005761282326483,
           0.07385503605184893,
           0.07470961878795868,
           0.15901824501659154,
           -0.008275578907088282
          ],
          [
           0.4886369054802641,
           1.0,
           0.023176389646013058,
           -0.020620316327518384,
           0.10301534443022972,
           0.09009384046181622,
           -0.043373171634425424,
           0.07511289704772767,
           0.0993020899131039,
           0.025924323379087916,
           0.027341771075186035,
           0.04180633836846383,
           -0.0692047018027056,
           -0.03841483128946748,
           0.14789865473167368,
           0.02269405307408542,
           0.03304296949838424,
           0.04978665277007086,
           -0.005017550733126197,
           0.015218674612365604,
           0.06492309673092679,
           0.032297854104716944,
           0.2541030573877237,
           -0.016302904563936918
          ],
          [
           0.0015084621969513488,
           0.023176389646013058,
           1.0,
           -0.0014938694498979864,
           0.0067548967587932815,
           0.006914648534019061,
           0.004956673802506731,
           -0.001788430601310225,
           0.10618332344572011,
           0.11669562056606868,
           0.11064498493111932,
           0.0806650485801064,
           -0.0037416793777904443,
           0.02200947055870091,
           -0.016236351413545687,
           0.00590378282707245,
           -6.385581072250665E-4,
           0.005063162561814681,
           -0.0032635298259141164,
           -0.004979085628709311,
           0.02981062859994066,
           0.005136582494564193,
           -0.02382906042425688,
           0.006087141443071527
          ],
          [
           -0.022566766051814503,
           -0.020620316327518384,
           -0.0014938694498979864,
           1.0,
           0.006157308974990603,
           0.014175635792329933,
           1.4815330493803637E-4,
           -7.743006414804852E-6,
           0.0027413554173706957,
           0.012150067901738122,
           0.011217210491330338,
           0.007423615670266054,
           0.01861734958377958,
           0.010609427796819204,
           -0.01755626020193517,
           -0.0072184116979576735,
           -0.007652978942514436,
           -0.014100689078573696,
           -0.010968059819245238,
           -0.011425018185304578,
           -0.005466062336179099,
           -0.0062536376208670525,
           -0.027632739883355018,
           -0.005568704728916394
          ],
          [
           0.03246530665118959,
           0.10301534443022972,
           0.0067548967587932815,
           0.006157308974990603,
           1.0,
           0.9397019547879307,
           0.09044148811932975,
           -0.11293103170017185,
           0.040883912877636375,
           0.021013793294632394,
           -0.0034082703160283924,
           0.040137290175247094,
           -0.017689482748727895,
           0.08719577533686369,
           -0.08828486158629632,
           -0.24730393630525246,
           -0.1994257164566606,
           -0.20416195440066273,
           -0.23948558647055687,
           -0.24794173438016412,
           -0.07190993845113593,
           -0.2320252682078073,
           -0.07795042509524648,
           0.06484923337443446
          ],
          [
           0.027916187126511217,
           0.09009384046181622,
           0.006914648534019061,
           0.014175635792329933,
           0.9397019547879307,
           1.0,
           0.0698263864504864,
           -0.09058082645172978,
           0.03987986384928237,
           0.022354184871912642,
           2.173521553271737E-4,
           0.03897486785600282,
           -0.015590110783889076,
           0.07235591499440788,
           -0.07886056008150005,
           -0.2230412360454381,
           -0.18389537326365227,
           -0.18727273074706433,
           -0.21396441794444154,
           -0.22076530903284658,
           -0.06453974367580481,
           -0.20802337675553667,
           -0.06855304682186589,
           0.054265151004501314
          ],
          [
           -0.008809387417326972,
           -0.043373171634425424,
           0.004956673802506731,
           1.4815330493803637E-4,
           0.09044148811932975,
           0.0698263864504864,
           1.0,
           -0.8462246316044727,
           -0.08393579545546116,
           -0.058487878937161834,
           -0.0736175690458431,
           -0.03910864342962869,
           0.013243976366953368,
           0.007451350741983887,
           -0.016214285573597272,
           -0.02793980613352296,
           -0.018685444571935057,
           -0.028642935551337536,
           -0.049755441187872125,
           -0.05137448233944435,
           0.03244383346989158,
           -0.06341674542312666,
           0.0074491857226761425,
           0.07014301750436919
          ],
          [
           0.024336702559697467,
           0.07511289704772767,
           -0.001788430601310225,
           -7.743006414804852E-6,
           -0.11293103170017185,
           -0.09058082645172978,
           -0.8462246316044727,
           1.0,
           0.10762166868354635,
           0.0749607950483316,
           0.11696145763032471,
           0.07895476657086731,
           -0.023217423376180636,
           0.01551200536846373,
           0.07598083278801183,
           0.02658479715156174,
           0.01907823901802328,
           0.03823249190236285,
           0.04818093022367083,
           0.041151630975515587,
           0.011629936392806805,
           0.06557789363799445,
           0.0025161902882684635,
           -0.2573977556433282
          ],
          [
           0.05504384483440084,
           0.0993020899131039,
           0.10618332344572011,
           0.0027413554173706957,
           0.040883912877636375,
           0.03987986384928237,
           -0.08393579545546116,
           0.10762166868354635,
           1.0,
           0.5810567484005478,
           0.710555218903263,
           0.7035788157408623,
           -0.02369218479875809,
           0.041545542843966034,
           -0.009732842909714358,
           0.0011230792733840727,
           -0.005588793193844452,
           -0.00804362546277716,
           -0.003217026218988272,
           -0.006438651389085884,
           0.04145721441408701,
           0.030461664573035216,
           -0.014892097127400777,
           -0.05457922854122641
          ],
          [
           0.019534424290073977,
           0.025924323379087916,
           0.11669562056606868,
           0.012150067901738122,
           0.021013793294632394,
           0.022354184871912642,
           -0.058487878937161834,
           0.0749607950483316,
           0.5810567484005478,
           1.0,
           0.6644079144493176,
           0.47569582214435135,
           0.0015955302339672544,
           0.038638413578969605,
           -0.011674991189337349,
           0.021916487261706787,
           0.005803341413554389,
           0.006006054238823375,
           0.011720356867679804,
           0.005770205269802756,
           0.05630707465311772,
           0.036267759751864165,
           -0.042269068783755984,
           -0.018084553697911482
          ],
          [
           0.015216987803528367,
           0.027341771075186035,
           0.11064498493111932,
           0.011217210491330338,
           -0.0034082703160283924,
           2.173521553271737E-4,
           -0.0736175690458431,
           0.11696145763032471,
           0.710555218903263,
           0.6644079144493176,
           1.0,
           0.5990825259752368,
           -0.001943750401711766,
           0.029477449686346444,
           -0.0161461048550676,
           0.023918728237606653,
           0.0073097871847108585,
           0.01079314006310362,
           0.0192446690421302,
           0.011571959951932375,
           0.04616664125560757,
           0.048895017144143,
           -0.04593362290601285,
           -0.04579403076251841
          ],
          [
           0.024703912929153492,
           0.04180633836846383,
           0.0806650485801064,
           0.007423615670266054,
           0.040137290175247094,
           0.03897486785600282,
           -0.03910864342962869,
           0.07895476657086731,
           0.7035788157408623,
           0.47569582214435135,
           0.5990825259752368,
           1.0,
           -0.002815900931390079,
           0.0641985489956543,
           0.036277867802732955,
           -0.022364590086010817,
           -0.023266518095712424,
           -0.02310429246162886,
           -0.011601572573560707,
           -0.020312579656632152,
           0.01909427919863455,
           0.010709318197107616,
           -0.06699263464994538,
           -0.053320782574082425
          ],
          [
           -0.02460799465576236,
           -0.0692047018027056,
           -0.0037416793777904443,
           0.01861734958377958,
           -0.017689482748727895,
           -0.015590110783889076,
           0.013243976366953368,
           -0.023217423376180636,
           -0.02369218479875809,
           0.0015955302339672544,
           -0.001943750401711766,
           -0.002815900931390079,
           1.0,
           0.026241668459534132,
           -0.018454527981053712,
           -0.004155765757208905,
           -0.0034286222571755735,
           -0.016258929339011092,
           0.00594368033812498,
           0.003761500709010918,
           -0.003212966881097703,
           -0.0013354012488824077,
           -0.04911859129248391,
           0.004719909305368321
          ],
          [
           -0.050720642631613785,
           -0.03841483128946748,
           0.02200947055870091,
           0.010609427796819204,
           0.08719577533686369,
